[[ 0.99909794 -0.01528769  0.03961803  0.58337146]
 [ 0.0400882   0.03178285 -0.99869054 -0.16833667]
 [ 0.0140085   0.99937787  0.03236704 -0.0137614 ]
 [ 0.          0.          0.          1.        ]]
[[ 0.99921502 -0.01301304  0.03741669  0.58337149]
 [ 0.04236096  0.03171704 -0.99859881 -0.16833667]
 [ 0.01180806  0.99939993  0.03224339 -0.0137614 ]
 [ 0.          0.          0.          1.        ]]
[[ 0.99907638 -0.01786262  0.03908095  0.58323628]
 [ 0.03975298  0.03895849 -0.99844977 -0.16797435]
 [ 0.01631239  0.99908116  0.0396326  -0.00435112]
 [ 0.          0.          0.          1.        ]]
[[ 0.99919952 -0.0129984   0.0378332   0.58335256]
 [ 0.04279129  0.03295375 -0.99854041 -0.16847198]
 [ 0.01173268  0.99936004  0.03348359 -0.01363769]
 [ 0.          0.          0.          1.        ]]
[[ 0.99911496 -0.01537627  0.03915194  0.58335346]
 [ 0.03958524  0.02896682 -0.99879624 -0.16844575]
 [ 0.01422365  0.9994621   0.02954986 -0.00494198]
 [ 0.          0.          0.          1.        ]]
[[ 0.99917395 -0.01448609  0.03796803  0.5831727 ]
 [ 0.04297831  0.03313656 -0.99852633 -0.1684643 ]
 [ 0.01320661  0.9993333   0.03373178 -0.01364284]
 [ 0.          0.          0.          1.        ]]
[[ 0.99918305 -0.01089481  0.03891704  0.58356285]
 [ 0.03905099  0.01236503 -0.99916071 -0.16923158]
 [ 0.01040445  0.9998642   0.01278038 -0.00540925]
 [ 0.          0.          0.          1.        ]]
[[ 0.99914493 -0.0174814   0.03746738  0.5831726 ]
 [ 0.04254347  0.03093996 -0.99861543 -0.1684921 ]
 [ 0.01629796  0.99935554  0.03165722 -0.01348787]
 [ 0.          0.          0.          1.        ]]
[[ 9.99256446e-01 -7.85383450e-04  3.85478764e-02  5.84036767e-01]
 [ 3.85427005e-02 -5.78769521e-03 -9.99240193e-01 -1.70085311e-01]
 [ 1.00789007e-03  9.99982943e-01 -5.75312094e-03 -5.73644834e-03]
 [ 0.00000000e+00  0.00000000e+00  0.00000000e+00  1.00000000e+00]]
[[ 0.99920817 -0.01283592  0.03766007  0.58333923]
 [ 0.04258001  0.03013272 -0.99863855 -0.16840623]
 [ 0.01168364  0.99945136  0.03065542 -0.01368197]
 [ 0.          0.          0.          1.        ]]
[[ 0.99924954  0.00621438  0.03823281  0.58437216]
 [ 0.03832574 -0.01559517 -0.9991436  -0.17054056]
 [-0.00561281  0.99985908 -0.01582164 -0.00536176]
 [ 0.          0.          0.          1.        ]]
[[ 0.99920662 -0.01338652  0.03750916  0.58332306]
 [ 0.042463    0.03151917 -0.99860074 -0.16840856]
 [ 0.01218553  0.99940122  0.0320626  -0.01369598]
 [ 0.          0.          0.          1.        ]]
[[ 0.9992324   0.00991494  0.03789859  0.58455282]
 [ 0.03808666 -0.0195224  -0.99908372 -0.17072375]
 [-0.00916598  0.99976026 -0.01988504 -0.0052195 ]
 [ 0.          0.          0.          1.        ]]
[[ 0.99917151 -0.0156589   0.03756461  0.58317455]
 [ 0.04257238  0.03020664 -0.99863665 -0.16846154]
 [ 0.01450286  0.9994085   0.03084825 -0.01361835]
 [ 0.          0.          0.          1.        ]]
[[ 0.99923045  0.0102946   0.03784874  0.58457148]
 [ 0.03802568 -0.01757223 -0.99912225 -0.1706316 ]
 [-0.00962048  0.9997926  -0.01795017 -0.00525674]
 [ 0.          0.          0.          1.        ]]
[[ 0.99920112 -0.01832101  0.035517    0.58308509]
 [ 0.04065623  0.03301028 -0.99862775 -0.16861191]
 [ 0.01712345  0.99927396  0.03372877 -0.01341762]
 [ 0.          0.          0.          1.        ]]
[[ 0.99924856  0.00730289  0.03806552  0.58442777]
 [ 0.03813623 -0.0098005  -0.99922449 -0.17026769]
 [-0.00692416  0.99992531 -0.01007164 -0.00547803]
 [ 0.          0.          0.          1.        ]]
[[ 0.99897875 -0.01763219  0.04160006  0.58379897]
 [ 0.04656038  0.02375945 -0.99863288 -0.16772001]
 [ 0.01661969  0.99954994  0.02455615 -0.01398997]
 [ 0.          0.          0.          1.        ]]
[[ 9.99276260e-01  3.08821881e-04  3.80376221e-02  5.84100842e-01]
 [ 3.80364578e-02  3.16248328e-03 -9.99271348e-01 -1.69662774e-01]
 [-4.28890201e-04  9.99994952e-01  3.14844797e-03 -5.76542458e-03]
 [ 0.00000000e+00  0.00000000e+00  0.00000000e+00  1.00000000e+00]]
[[ 0.99922353 -0.01855604  0.03475632  0.58327993]
 [ 0.03986012  0.03049912 -0.99873969 -0.16843292]
 [ 0.01747262  0.9993496   0.03121509 -0.0135766 ]
 [ 0.          0.          0.          1.        ]]
[[ 0.99926015 -0.00573412  0.03802998  0.58381855]
 [ 0.03807753  0.00842416 -0.99923928 -0.16941683]
 [ 0.00540939  0.99994808  0.00863627 -0.00555287]
 [ 0.          0.          0.          1.        ]]
[[ 0.99919532 -0.0119575   0.0382848   0.58314577]
 [ 0.04316136  0.02864506 -0.99865738 -0.16829307]
 [ 0.01084477  0.9995062   0.02913811 -0.01388325]
 [ 0.          0.          0.          1.        ]]
[[ 0.99924856 -0.00757067  0.03801307  0.58373249]
 [ 0.03807915  0.00878452 -0.99923611 -0.16940008]
 [ 0.00723096  0.99993276  0.0090662  -0.00553011]
 [ 0.          0.          0.          1.        ]]
[[ 0.99913842 -0.01464991  0.03883042  0.58335667]
 [ 0.04380726  0.03027121 -0.99858128 -0.16842291]
 [ 0.01345368  0.99942198  0.0308869  -0.01376079]
 [ 0.          0.          0.          1.        ]]
[[ 0.99927165 -0.00378677  0.03797143  0.58390939]
 [ 0.03799339  0.00590881 -0.99926052 -0.16953571]
 [ 0.00355961  0.99997537  0.00604838 -0.00563393]
 [ 0.          0.          0.          1.        ]]
[[ 0.99919094 -0.01234322  0.0382767   0.58334473]
 [ 0.04318684  0.03063974 -0.99859707 -0.16833476]
 [ 0.01115311  0.99944219  0.03114802 -0.01370938]
 [ 0.          0.          0.          1.        ]]
[[ 9.99273182e-01  9.98189668e-04  3.81065754e-02  5.84132612e-01]
 [ 3.81073573e-02 -7.76429417e-04 -9.99273349e-01 -1.69845790e-01]
 [-9.67877267e-04  9.99999200e-01 -8.13903465e-04 -5.84741542e-03]
 [ 0.00000000e+00  0.00000000e+00  0.00000000e+00  1.00000000e+00]]
[[ 0.99922768 -0.01766317  0.03510079  0.58314826]
 [ 0.04020502  0.03221885 -0.99867187 -0.16853786]
 [ 0.0165088   0.9993118   0.03290412 -0.01338746]
 [ 0.          0.          0.          1.        ]]
[[ 9.99279876e-01  7.01799669e-04  3.79372818e-02  5.84121227e-01]
 [ 3.79373603e-02 -9.88981131e-05 -9.99280114e-01 -1.69814214e-01]
 [-6.97542528e-04  9.99999749e-01 -1.25451321e-04 -5.80103602e-03]
 [ 0.00000000e+00  0.00000000e+00  0.00000000e+00  1.00000000e+00]]
[[ 0.99918854 -0.01862671  0.03571154  0.58308176]
 [ 0.04082269  0.03081941 -0.99869098 -0.16844524]
 [ 0.01750172  0.99933842  0.0315548  -0.01352026]
 [ 0.          0.          0.          1.        ]]
[[ 9.99279065e-01 -6.15691064e-04  3.79601269e-02  5.84059775e-01]
 [ 3.79607603e-02  1.05203496e-03 -9.99278677e-01 -1.69760019e-01]
 [ 5.75311571e-04  9.99999257e-01  1.07464861e-03 -5.78986388e-03]
 [ 0.00000000e+00  0.00000000e+00  0.00000000e+00  1.00000000e+00]]
[[ 0.99920493 -0.0142437   0.03723739  0.58334073]
 [ 0.04220194  0.03022305 -0.99865187 -0.16835832]
 [ 0.01309907  0.99942937  0.03080013 -0.01371176]
 [ 0.          0.          0.          1.        ]]
[[ 9.99280392e-01 -1.00625516e-04  3.79300304e-02  5.84083736e-01]
 [ 3.79300532e-02  2.34914554e-04 -9.99280369e-01 -1.69798717e-01]
 [ 9.16427863e-05  9.99999967e-01  2.38562239e-04 -5.81543334e-03]
 [ 0.00000000e+00  0.00000000e+00  0.00000000e+00  1.00000000e+00]]
[[ 0.99930366 -0.01830991  0.03251058  0.58324482]
 [ 0.03761311  0.03080756 -0.99881737 -0.16868   ]
 [ 0.01728668  0.99934468  0.0314748  -0.0134084 ]
 [ 0.          0.          0.          1.        ]]
[[ 9.99279384e-01 -3.66092050e-04  3.79549458e-02  5.84071457e-01]
 [ 3.79551419e-02  5.44598691e-04 -9.99279296e-01 -1.69783846e-01]
 [ 3.45157992e-04  9.99999785e-01  5.58101321e-04 -5.80511615e-03]
 [ 0.00000000e+00  0.00000000e+00  0.00000000e+00  1.00000000e+00]]
[[ 0.9991856  -0.01802816  0.03609879  0.58315976]
 [ 0.041177    0.03000007 -0.99870138 -0.16844398]
 [ 0.01692178  0.99937448  0.03071799 -0.01358444]
 [ 0.          0.          0.          1.        ]]
[[ 9.99279798e-01 -3.01920925e-04  3.79446291e-02  5.84074438e-01]
 [ 3.79447405e-02  3.72395103e-04 -9.99279770e-01 -1.69792056e-01]
 [ 2.87573079e-04  9.99999885e-01  3.83583214e-04 -5.81025612e-03]
 [ 0.00000000e+00  0.00000000e+00  0.00000000e+00  1.00000000e+00]]
[[ 0.99910709 -0.02098673  0.03666854  0.58308308]
 [ 0.04183922  0.03008239 -0.99867138 -0.16848395]
 [ 0.01985577  0.99931384  0.0309336  -0.0135118 ]
 [ 0.          0.          0.          1.        ]]
[[ 9.99279827e-01 -2.88593389e-04  3.79439580e-02  5.84075034e-01]
 [ 3.79440838e-02  4.43467671e-04 -9.99279766e-01 -1.69788733e-01]
 [ 2.71558616e-04  9.99999860e-01  4.54098710e-04 -5.80842840e-03]
 [ 0.00000000e+00  0.00000000e+00  0.00000000e+00  1.00000000e+00]]
[[ 0.99930008 -0.01800638  0.03278918  0.5832123 ]
 [ 0.03793237  0.0337801  -0.99870919 -0.16880834]
 [ 0.01687551  0.99925394  0.03443948 -0.01339816]
 [ 0.          0.          0.          1.        ]]
[[ 9.99279635e-01 -2.96380174e-04  3.79489529e-02  5.84074676e-01]
 [ 3.79490887e-02  4.67009921e-04 -9.99279565e-01 -1.69787556e-01]
 [ 2.78444114e-04  9.99999847e-01  4.77920860e-04 -5.80772618e-03]
 [ 0.00000000e+00  0.00000000e+00  0.00000000e+00  1.00000000e+00]]
[[ 0.99923448 -0.01741545  0.03503091  0.58326715]
 [ 0.04009009  0.02995424 -0.99874698 -0.16850055]
 [ 0.0163443   0.99938681  0.0306295  -0.01358655]
 [ 0.          0.          0.          1.        ]]
[[ 9.99279780e-01 -2.91229387e-04  3.79451814e-02  5.84074914e-01]
 [ 3.79453039e-02  4.27145796e-04 -9.99279726e-01 -1.69789478e-01]
 [ 2.74811498e-04  9.99999866e-01  4.37888944e-04 -5.80883306e-03]
 [ 0.00000000e+00  0.00000000e+00  0.00000000e+00  1.00000000e+00]]
[[ 0.99914411 -0.01643252  0.03796079  0.58320764]
 [ 0.04305325  0.03422207 -0.99848649 -0.16855375]
 [ 0.01510855  0.99926623  0.03490026 -0.01340251]
 [ 0.          0.          0.          1.        ]]
[[ 9.99279731e-01 -2.97399901e-04  3.79464091e-02  5.84074616e-01]
 [ 3.79465397e-02  4.46503867e-04 -9.99279671e-01 -1.69788554e-01]
 [ 2.80242457e-04  9.99999856e-01  4.57467562e-04 -5.80826961e-03]
 [ 0.00000000e+00  0.00000000e+00  0.00000000e+00  1.00000000e+00]]
[[ 0.99918719 -0.01737408  0.03637448  0.58318774]
 [ 0.04144973  0.03106247 -0.99865762 -0.16847923]
 [ 0.01622088  0.99935361  0.03175738 -0.01353009]
 [ 0.          0.          0.          1.        ]]
[[ 9.99279723e-01 -2.91040953e-04  3.79466893e-02  5.84074914e-01]
 [ 3.79468155e-02  4.41144463e-04 -9.99279663e-01 -1.69788823e-01]
 [ 2.74091334e-04  9.99999860e-01  4.51870794e-04 -5.80846891e-03]
 [ 0.00000000e+00  0.00000000e+00  0.00000000e+00  1.00000000e+00]]
[[ 0.99926803 -0.01679461  0.03437076  0.58318491]
 [ 0.03942055  0.03054452 -0.99875575 -0.1686964 ]
 [ 0.01572387  0.99937961  0.03118422 -0.01348324]
 [ 0.          0.          0.          1.        ]]
[[ 9.99279734e-01 -2.93751918e-04  3.79463700e-02  5.84074795e-01]
 [ 3.79464979e-02  4.42947850e-04 -9.99279674e-01 -1.69788718e-01]
 [ 2.76732058e-04  9.99999859e-01  4.53775666e-04 -5.80838462e-03]
 [ 0.00000000e+00  0.00000000e+00  0.00000000e+00  1.00000000e+00]]
[[ 0.99921576 -0.01449213  0.036849    0.58325911]
 [ 0.04186549  0.03353578 -0.99856028 -0.16851274]
 [ 0.01323551  0.99931987  0.0341162  -0.01348973]
 [ 0.          0.          0.          1.        ]]
[[ 9.99279730e-01 -2.93423395e-04  3.79464783e-02  5.84074855e-01]
 [ 3.79466060e-02  4.42363926e-04 -9.99279670e-01 -1.69788748e-01]
 [ 2.76425881e-04  9.99999859e-01  4.53179727e-04 -5.80841303e-03]
 [ 0.00000000e+00  0.00000000e+00  0.00000000e+00  1.00000000e+00]]
[[ 0.99918644 -0.01111588  0.03876715  0.58316301]
 [ 0.04365764  0.03254586 -0.99851629 -0.16823646]
 [ 0.00983768  0.99939642  0.03300468 -0.01388916]
 [ 0.          0.          0.          1.        ]]
[[ 9.99279716e-01 -2.93376257e-04  3.79468561e-02  5.84074855e-01]
 [ 3.79469836e-02  4.42027530e-04 -9.99279656e-01 -1.69788778e-01]
 [ 2.76391370e-04  9.99999859e-01  4.52841888e-04 -5.80841629e-03]
 [ 0.00000000e+00  0.00000000e+00  0.00000000e+00  1.00000000e+00]]
[[ 0.99923177 -0.01678589  0.03541338  0.58323334]
 [ 0.0404657   0.03075793 -0.9987074  -0.16845193]
 [ 0.01567495  0.99937319  0.03141355 -0.01359834]
 [ 0.          0.          0.          1.        ]]
[[ 9.99279744e-01 -2.93515576e-04  3.79460977e-02  5.84074795e-01]
 [ 3.79462255e-02  4.42783758e-04 -9.99279685e-01 -1.69788748e-01]
 [ 2.76502237e-04  9.99999859e-01  4.53602649e-04 -5.80840698e-03]
 [ 0.00000000e+00  0.00000000e+00  0.00000000e+00  1.00000000e+00]]
[[ 0.99899269 -0.01577138  0.04201036  0.58375483]
 [ 0.04693847  0.0246796  -0.99859286 -0.16766153]
 [ 0.01471239  0.99955887  0.02539502 -0.0141402 ]
 [ 0.          0.          0.          1.        ]]
[[ 9.99279724e-01 -2.92958313e-04  3.79466485e-02  5.84074855e-01]
 [ 3.79467759e-02  4.42288439e-04 -9.99279664e-01 -1.69788748e-01]
 [ 2.75963921e-04  9.99999859e-01  4.53086692e-04 -5.80840744e-03]
 [ 0.00000000e+00  0.00000000e+00  0.00000000e+00  1.00000000e+00]]
[[ 0.99910759 -0.01274887  0.04026769  0.58321214]
 [ 0.0451996   0.03153764 -0.99848003 -0.16829186]
 [ 0.01145955  0.99940906  0.03208574 -0.01395916]
 [ 0.          0.          0.          1.        ]]
[[ 9.99279740e-01 -2.93423340e-04  3.79462257e-02  5.84074795e-01]
 [ 3.79463533e-02  4.42363964e-04 -9.99279680e-01 -1.69788748e-01]
 [ 2.76425939e-04  9.99999859e-01  4.53179693e-04 -5.80841396e-03]
 [ 0.00000000e+00  0.00000000e+00  0.00000000e+00  1.00000000e+00]]
[[ 0.99920064 -0.01414614  0.03738951  0.58319121]
 [ 0.04239093  0.03330941 -0.99854569 -0.1684457 ]
 [ 0.01288015  0.99933246  0.03388245 -0.01359919]
 [ 0.          0.          0.          1.        ]]
[[ 9.99279722e-01 -2.93122068e-04  3.79466890e-02  5.84074795e-01]
 [ 3.79468164e-02  4.42032379e-04 -9.99279662e-01 -1.69788748e-01]
 [ 2.76137256e-04  9.99999859e-01  4.52837042e-04 -5.80840977e-03]
 [ 0.00000000e+00  0.00000000e+00  0.00000000e+00  1.00000000e+00]]
[[ 0.99921925 -0.0117858   0.03770924  0.58322757]
 [ 0.04262356  0.03264181 -0.99855783 -0.16841795]
 [ 0.0105379   0.99938551  0.03311868 -0.01382112]
 [ 0.          0.          0.          1.        ]]
[[ 9.99279735e-01 -2.93296950e-04  3.79463520e-02  5.84074795e-01]
 [ 3.79464796e-02  4.42366345e-04 -9.99279675e-01 -1.69788748e-01]
 [ 2.76299492e-04  9.99999859e-01  4.53177310e-04 -5.80840372e-03]
 [ 0.00000000e+00  0.00000000e+00  0.00000000e+00  1.00000000e+00]]
[[ 0.99925108 -0.00936756  0.03754381  0.58328303]
 [ 0.04236621  0.0311624  -0.99861605 -0.16831846]
 [ 0.00818464  0.99945875  0.03153593 -0.01397554]
 [ 0.          0.          0.          1.        ]]
[[ 9.99279744e-01 -2.93424900e-04  3.79460978e-02  5.84074795e-01]
 [ 3.79462254e-02  4.42448244e-04 -9.99279685e-01 -1.69788748e-01]
 [ 2.76424357e-04  9.99999859e-01  4.53263935e-04 -5.80840139e-03]
 [ 0.00000000e+00  0.00000000e+00  0.00000000e+00  1.00000000e+00]]
[[ 0.99919365 -0.0092706   0.03906549  0.58324795]
 [ 0.04388611  0.03144233 -0.99854163 -0.16833655]
 [ 0.00802877  0.99945089  0.03182383 -0.01399583]
 [ 0.          0.          0.          1.        ]]
[[ 9.99279729e-01 -2.93107356e-04  3.79464995e-02  5.84074795e-01]
 [ 3.79466270e-02  4.42369922e-04 -9.99279669e-01 -1.69788763e-01]
 [ 2.76109831e-04  9.99999859e-01  4.53173731e-04 -5.80841582e-03]
 [ 0.00000000e+00  0.00000000e+00  0.00000000e+00  1.00000000e+00]]
[[ 0.99922325 -0.01758192  0.03526704  0.58314218]
 [ 0.04034637  0.03087437 -0.99870864 -0.16846985]
 [ 0.01647037  0.99935579  0.03155976 -0.01354501]
 [ 0.          0.          0.          1.        ]]
[[ 9.99279729e-01 -2.92807569e-04  3.79464980e-02  5.84074855e-01]
 [ 3.79466253e-02  4.42122666e-04 -9.99279670e-01 -1.69788763e-01]
 [ 2.75819644e-04  9.99999859e-01  4.52915277e-04 -5.80841349e-03]
 [ 0.00000000e+00  0.00000000e+00  0.00000000e+00  1.00000000e+00]]
[[ 0.99923357 -0.01758696  0.03497112  0.58320091]
 [ 0.04003247  0.02976627 -0.99875491 -0.1685691 ]
 [ 0.0165241   0.99938941  0.0304475  -0.01353544]
 [ 0.          0.          0.          1.        ]]
[[ 9.99279728e-01 -2.93541259e-04  3.79465385e-02  5.84074795e-01]
 [ 3.79466663e-02  4.42951824e-04 -9.99279668e-01 -1.69788733e-01]
 [ 2.76521323e-04  9.99999859e-01  4.53771690e-04 -5.80839673e-03]
 [ 0.00000000e+00  0.00000000e+00  0.00000000e+00  1.00000000e+00]]
[[ 0.99916915 -0.02063037  0.03514817  0.58325399]
 [ 0.04028528  0.02889687 -0.99877028 -0.16845937]
 [ 0.01958933  0.9993564   0.02970396 -0.0134225 ]
 [ 0.          0.          0.          1.        ]]
[[ 9.99279745e-01 -2.93057088e-04  3.79460737e-02  5.84074855e-01]
 [ 3.79462010e-02  4.41949337e-04 -9.99279686e-01 -1.69788763e-01]
 [ 2.76075753e-04  9.99999859e-01  4.52751424e-04 -5.80842607e-03]
 [ 0.00000000e+00  0.00000000e+00  0.00000000e+00  1.00000000e+00]]
[[ 0.99922058 -0.01109528  0.03788309  0.58306089]
 [ 0.04279439  0.03467594 -0.99848196 -0.16837267]
 [ 0.00976481  0.9993249   0.03512373 -0.01376688]
 [ 0.          0.          0.          1.        ]]
[[ 9.99279703e-01 -2.93264297e-04  3.79471913e-02  5.84074795e-01]
 [ 3.79473189e-02  4.42788367e-04 -9.99279643e-01 -1.69788733e-01]
 [ 2.76250467e-04  9.99999859e-01  4.53598021e-04 -5.80839813e-03]
 [ 0.00000000e+00  0.00000000e+00  0.00000000e+00  1.00000000e+00]]
[[ 0.99919147 -0.01970281  0.03504569  0.58317456]
 [ 0.04021264  0.03197543 -0.99867939 -0.16861411]
 [ 0.01855619  0.99928121  0.03274188 -0.01327905]
 [ 0.          0.          0.          1.        ]]
[[ 9.99279753e-01 -2.93193083e-04  3.79458662e-02  5.84074795e-01]
 [ 3.79459938e-02  4.42452677e-04 -9.99279693e-01 -1.69788763e-01]
 [ 2.76192644e-04  9.99999859e-01  4.53259505e-04 -5.80841023e-03]
 [ 0.00000000e+00  0.00000000e+00  0.00000000e+00  1.00000000e+00]]
[[ 0.99925653 -0.00888926  0.03751487  0.58318613]
 [ 0.04234943  0.03472393 -0.99849926 -0.16847503]
 [ 0.00757325  0.99934564  0.03507457 -0.01380744]
 [ 0.          0.          0.          1.        ]]
[[ 9.99279723e-01 -2.93570629e-04  3.79466649e-02  5.84074795e-01]
 [ 3.79467926e-02  4.42276776e-04 -9.99279663e-01 -1.69788763e-01]
 [ 2.76576230e-04  9.99999859e-01  4.53098278e-04 -5.80841955e-03]
 [ 0.00000000e+00  0.00000000e+00  0.00000000e+00  1.00000000e+00]]
[[ 0.99928224 -0.0094369   0.0366873   0.58307616]
 [ 0.041526    0.03280641 -0.99859868 -0.16854459]
 [ 0.0082201   0.9994054   0.03317474 -0.01384333]
 [ 0.          0.          0.          1.        ]]
[[ 9.99279729e-01 -2.92887036e-04  3.79464964e-02  5.84074795e-01]
 [ 3.79466236e-02  4.41868213e-04 -9.99279670e-01 -1.69788748e-01]
 [ 2.75908710e-04  9.99999859e-01  4.52664022e-04 -5.80841536e-03]
 [ 0.00000000e+00  0.00000000e+00  0.00000000e+00  1.00000000e+00]]
[[ 0.99901892 -0.01703054  0.04087991  0.58362788]
 [ 0.04583272  0.02419606 -0.99865605 -0.16775277]
 [ 0.01601852  0.99954992  0.02495288 -0.01409359]
 [ 0.          0.          0.          1.        ]]
[[ 9.99279737e-01 -2.93577240e-04  3.79462888e-02  5.84074795e-01]
 [ 3.79464166e-02  4.42698270e-04 -9.99279677e-01 -1.69788748e-01]
 [ 2.76567013e-04  9.99999859e-01  4.53519615e-04 -5.80840558e-03]
 [ 0.00000000e+00  0.00000000e+00  0.00000000e+00  1.00000000e+00]]
[[ 0.99922672 -0.01840834  0.03474317  0.58324881]
 [ 0.03981878  0.02914085 -0.9987819  -0.16853211]
 [ 0.01737347  0.99939299  0.02985131 -0.0135323 ]
 [ 0.          0.          0.          1.        ]]
[[ 9.99279739e-01 -2.93403888e-04  3.79462483e-02  5.84074795e-01]
 [ 3.79463760e-02  4.42448658e-04 -9.99279679e-01 -1.69788763e-01]
 [ 2.76403276e-04  9.99999859e-01  4.53263594e-04 -5.80841396e-03]
 [ 0.00000000e+00  0.00000000e+00  0.00000000e+00  1.00000000e+00]]
[[ 0.99913042 -0.01160752  0.04004589  0.58357663]
 [ 0.04486287  0.02405053 -0.99870361 -0.16792191]
 [ 0.01062935  0.99963173  0.02455036 -0.01430382]
 [ 0.          0.          0.          1.        ]]
[[ 9.99279724e-01 -2.93356994e-04  3.79466226e-02  5.84074855e-01]
 [ 3.79467501e-02  4.42196510e-04 -9.99279665e-01 -1.69788763e-01]
 [ 2.76365815e-04  9.99999859e-01  4.53009951e-04 -5.80841210e-03]
 [ 0.00000000e+00  0.00000000e+00  0.00000000e+00  1.00000000e+00]]
[[ 0.99923784 -0.00951077  0.03785873  0.58316598]
 [ 0.04267475  0.02988096 -0.99864208 -0.16834574]
 [ 0.0083666   0.99949656  0.03026406 -0.01397086]
 [ 0.          0.          0.          1.        ]]
[[ 9.99279752e-01 -2.93280570e-04  3.79459083e-02  5.84074795e-01]
 [ 3.79460359e-02  4.42619628e-04 -9.99279692e-01 -1.69788748e-01]
 [ 2.76273714e-04  9.99999859e-01  4.53429667e-04 -5.80840977e-03]
 [ 0.00000000e+00  0.00000000e+00  0.00000000e+00  1.00000000e+00]]
[[ 0.99923087 -0.01180549  0.03739371  0.58308722]
 [ 0.04230201  0.03199289 -0.99859251 -0.1684968 ]
 [ 0.01059254  0.99940629  0.03246768 -0.01376632]
 [ 0.          0.          0.          1.        ]]
[[ 9.99279721e-01 -2.93183669e-04  3.79467085e-02  5.84074795e-01]
 [ 3.79468359e-02  4.41946879e-04 -9.99279662e-01 -1.69788763e-01]
 [ 2.76202049e-04  9.99999859e-01  4.52753947e-04 -5.80842560e-03]
 [ 0.00000000e+00  0.00000000e+00  0.00000000e+00  1.00000000e+00]]
[[ 0.99928779 -0.01022237  0.03632367  0.5831363 ]
 [ 0.04119074  0.03303452 -0.99860505 -0.16860311]
 [ 0.00900818  0.99939003  0.03343206 -0.01385853]
 [ 0.          0.          0.          1.        ]]
[[ 9.99279726e-01 -2.93108961e-04  3.79465821e-02  5.84074855e-01]
 [ 3.79467096e-02  4.42454169e-04 -9.99279666e-01 -1.69788748e-01]
 [ 2.76108201e-04  9.99999859e-01  4.53258001e-04 -5.80841117e-03]
 [ 0.00000000e+00  0.00000000e+00  0.00000000e+00  1.00000000e+00]]
[[ 0.99909434 -0.012512    0.04066876  0.58364722]
 [ 0.04554134  0.02698511 -0.99859791 -0.16803908]
 [ 0.01139701  0.99954563  0.02753048 -0.01458492]
 [ 0.          0.          0.          1.        ]]
[[ 9.99279742e-01 -2.93536956e-04  3.79461637e-02  5.84074795e-01]
 [ 3.79462916e-02  4.42867670e-04 -9.99279682e-01 -1.69788748e-01]
 [ 2.76520387e-04  9.99999859e-01  4.53687330e-04 -5.80840092e-03]
 [ 0.00000000e+00  0.00000000e+00  0.00000000e+00  1.00000000e+00]]
[[ 0.99924247 -0.01069558  0.03741777  0.58304809]
 [ 0.04231228  0.03434577 -0.99851392 -0.16882996]
 [ 0.00939454  0.99934074  0.03477231 -0.01377019]
 [ 0.          0.          0.          1.        ]]
[[ 9.99279738e-01 -2.92784862e-04  3.79462680e-02  5.84074855e-01]
 [ 3.79463952e-02  4.42038841e-04 -9.99279678e-01 -1.69788763e-01]
 [ 2.75800239e-04  9.99999859e-01  4.52830587e-04 -5.80841955e-03]
 [ 0.00000000e+00  0.00000000e+00  0.00000000e+00  1.00000000e+00]]
[[ 0.99912375 -0.01234774  0.03999069  0.5834496 ]
 [ 0.04485003  0.02618197 -0.99865058 -0.16806211]
 [ 0.01128405  0.9995691   0.02671283 -0.01431543]
 [ 0.          0.          0.          1.        ]]
[[ 9.99279731e-01 -2.93572465e-04  3.79464556e-02  5.84074795e-01]
 [ 3.79465834e-02  4.42445390e-04 -9.99279671e-01 -1.69788733e-01]
 [ 2.76571762e-04  9.99999859e-01  4.53266782e-04 -5.80840465e-03]
 [ 0.00000000e+00  0.00000000e+00  0.00000000e+00  1.00000000e+00]]
[[ 0.99924947 -0.00880756  0.03772179  0.58301212]
 [ 0.0425431   0.03336201 -0.99853746 -0.16865406]
 [ 0.0075362   0.99939283  0.03371167 -0.01422391]
 [ 0.          0.          0.          1.        ]]
[[ 9.99279729e-01 -2.92968116e-04  3.79464964e-02  5.84074795e-01]
 [ 3.79466236e-02  4.41698056e-04 -9.99279670e-01 -1.69788763e-01]
 [ 2.75996188e-04  9.99999860e-01  4.52497065e-04 -5.80842001e-03]
 [ 0.00000000e+00  0.00000000e+00  0.00000000e+00  1.00000000e+00]]
[[ 0.99924453 -0.01064055  0.03737853  0.5831289 ]
 [ 0.04224996  0.03208889 -0.99859163 -0.16859648]
 [ 0.00942613  0.99941646  0.03251421 -0.01399142]
 [ 0.          0.          0.          1.        ]]
[[ 9.99279729e-01 -2.93151082e-04  3.79464978e-02  5.84074855e-01]
 [ 3.79466254e-02  4.42453382e-04 -9.99279669e-01 -1.69788748e-01]
 [ 2.76150360e-04  9.99999859e-01  4.53258790e-04 -5.80840418e-03]
 [ 0.00000000e+00  0.00000000e+00  0.00000000e+00  1.00000000e+00]]
[[ 0.99908219 -0.01364709  0.04060217  0.5835177 ]
 [ 0.04548573  0.02536921 -0.9986428  -0.16801593]
 [ 0.01259852  0.99957306  0.02596667 -0.01473667]
 [ 0.          0.          0.          1.        ]]
[[ 9.99279751e-01 -2.93338972e-04  3.79459278e-02  5.84074795e-01]
 [ 3.79460553e-02  4.42365572e-04 -9.99279691e-01 -1.69788748e-01]
 [ 2.76341705e-04  9.99999859e-01  4.53178015e-04 -5.80840698e-03]
 [ 0.00000000e+00  0.00000000e+00  0.00000000e+00  1.00000000e+00]]
[[ 0.99922825 -0.00878986  0.03828363  0.5829317 ]
 [ 0.04311219  0.03446425 -0.99847562 -0.16880136]
 [ 0.00745704  0.99935554  0.0348166  -0.0142516 ]
 [ 0.          0.          0.          1.        ]]
[[ 9.99279740e-01 -2.93288886e-04  3.79462210e-02  5.84074855e-01]
 [ 3.79463484e-02  4.41944916e-04 -9.99279680e-01 -1.69788778e-01]
 [ 2.76307485e-04  9.99999859e-01  4.52755843e-04 -5.80842281e-03]
 [ 0.00000000e+00  0.00000000e+00  0.00000000e+00  1.00000000e+00]]
[[ 0.99908269 -0.01224279  0.04103519  0.58368964]
 [ 0.04590756  0.02765045 -0.99856294 -0.16804001]
 [ 0.01109056  0.99953078  0.02818712 -0.01460115]
 [ 0.          0.          0.          1.        ]]
[[ 9.99279724e-01 -2.93575405e-04  3.79466212e-02  5.84074795e-01]
 [ 3.79467489e-02  4.42529600e-04 -9.99279665e-01 -1.69788748e-01]
 [ 2.76571430e-04  9.99999859e-01  4.53351089e-04 -5.80840511e-03]
 [ 0.00000000e+00  0.00000000e+00  0.00000000e+00  1.00000000e+00]]
[[ 0.9991062  -0.01301392  0.04021744  0.58351183]
 [ 0.04508567  0.02544588 -0.998659   -0.16801408]
 [ 0.0119731   0.99957962  0.02600988 -0.01474888]
 [ 0.          0.          0.          1.        ]]
[[ 9.99279733e-01 -2.93058749e-04  3.79464089e-02  5.84074795e-01]
 [ 3.79465363e-02  4.42033546e-04 -9.99279673e-01 -1.69788763e-01]
 [ 2.76074065e-04  9.99999859e-01  4.52835729e-04 -5.80842281e-03]
 [ 0.00000000e+00  0.00000000e+00  0.00000000e+00  1.00000000e+00]]
[[ 0.9991058  -0.01332207  0.0401264   0.5834989 ]
 [ 0.04501533  0.02647671 -0.99863537 -0.16809359]
 [ 0.01224147  0.99954869  0.02705273 -0.01461988]
 [ 0.          0.          0.          1.        ]]
[[ 9.99279725e-01 -2.92974542e-04  3.79466227e-02  5.84074795e-01]
 [ 3.79467500e-02  4.42035151e-04 -9.99279665e-01 -1.69788748e-01]
 [ 2.75989761e-04  9.99999859e-01  4.52834196e-04 -5.80841070e-03]
 [ 0.00000000e+00  0.00000000e+00  0.00000000e+00  1.00000000e+00]]
[[ 0.99908246 -0.01293099  0.04082929  0.58362059]
 [ 0.04569135  0.02513169 -0.99863942 -0.16793738]
 [ 0.01188729  0.99958868  0.02569947 -0.01467902]
 [ 0.          0.          0.          1.        ]]
[[ 9.99279744e-01 -2.93316357e-04  3.79461189e-02  5.84074795e-01]
 [ 3.79462464e-02  4.42281683e-04 -9.99279684e-01 -1.69788763e-01]
 [ 2.76322203e-04  9.99999859e-01  4.53093381e-04 -5.80842094e-03]
 [ 0.00000000e+00  0.00000000e+00  0.00000000e+00  1.00000000e+00]]
[[ 0.99908695 -0.01145683  0.04115838  0.58360238]
 [ 0.046006    0.02740335 -0.99856522 -0.1681032 ]
 [ 0.01031251  0.99954701  0.02790541 -0.0146196 ]
 [ 0.          0.          0.          1.        ]]
[[ 9.99279738e-01 -2.93215827e-04  3.79462646e-02  5.84074795e-01]
 [ 3.79463922e-02  4.42536477e-04 -9.99279678e-01 -1.69788748e-01]
 [ 2.76212011e-04  9.99999859e-01  4.53344218e-04 -5.80841303e-03]
 [ 0.00000000e+00  0.00000000e+00  0.00000000e+00  1.00000000e+00]]
[[ 0.99911795 -0.01208031  0.04021684  0.58338891]
 [ 0.04505843  0.02523055 -0.99866569 -0.16789715]
 [ 0.01104949  0.99959692  0.02575262 -0.01478565]
 [ 0.          0.          0.          1.        ]]
[[ 9.99279718e-01 -2.93306906e-04  3.79467927e-02  5.84074795e-01]
 [ 3.79469201e-02  4.41775910e-04 -9.99279659e-01 -1.69788763e-01]
 [ 2.76331646e-04  9.99999859e-01  4.52587801e-04 -5.80842234e-03]
 [ 0.00000000e+00  0.00000000e+00  0.00000000e+00  1.00000000e+00]]
[[ 0.99909297 -0.01207218  0.04083492  0.58346178]
 [ 0.04569788  0.0272205  -0.99858437 -0.168087  ]
 [ 0.01094355  0.9995447   0.02774748 -0.01464795]
 [ 0.          0.          0.          1.        ]]
[[ 9.99279732e-01 -2.93322845e-04  3.79464168e-02  5.84074795e-01]
 [ 3.79465444e-02  4.42618789e-04 -9.99279672e-01 -1.69788733e-01]
 [ 2.76315759e-04  9.99999859e-01  4.53430574e-04 -5.80839999e-03]
 [ 0.00000000e+00  0.00000000e+00  0.00000000e+00  1.00000000e+00]]
[[ 0.99907578 -0.01293826  0.04099003  0.5834803 ]
 [ 0.04586423  0.02614406 -0.99860551 -0.1681074 ]
 [ 0.01184857  0.99956256  0.0267133  -0.01466971]
 [ 0.          0.          0.          1.        ]]
[[ 9.99279734e-01 -2.93322836e-04  3.79463747e-02  5.84074795e-01]
 [ 3.79465023e-02  4.42618796e-04 -9.99279674e-01 -1.69788748e-01]
 [ 2.76315769e-04  9.99999859e-01  4.53430568e-04 -5.80840744e-03]
 [ 0.00000000e+00  0.00000000e+00  0.00000000e+00  1.00000000e+00]]
[[ 0.99907765 -0.01200632  0.04122738  0.58364119]
 [ 0.04609857  0.02816618 -0.99853973 -0.16817077]
 [ 0.01082757  0.99951925  0.02869368 -0.01466807]
 [ 0.          0.          0.          1.        ]]
[[ 9.99279715e-01 -2.93058901e-04  3.79468785e-02  5.84074855e-01]
 [ 3.79470059e-02  4.42033550e-04 -9.99279655e-01 -1.69788763e-01]
 [ 2.76074004e-04  9.99999859e-01  4.52835868e-04 -5.80841862e-03]
 [ 0.00000000e+00  0.00000000e+00  0.00000000e+00  1.00000000e+00]]
[[ 0.99907777 -0.01269011  0.04101911  0.58366888]
 [ 0.04589124  0.0265384  -0.99859387 -0.16800569]
 [ 0.01158369  0.99955535  0.02709629 -0.01461654]
 [ 0.          0.          0.          1.        ]]
[[ 9.99279724e-01 -2.93261248e-04  3.79466436e-02  5.84074795e-01]
 [ 3.79467712e-02  4.42704177e-04 -9.99279664e-01 -1.69788718e-01]
 [ 2.76250864e-04  9.99999859e-01  4.53513625e-04 -5.80839626e-03]
 [ 0.00000000e+00  0.00000000e+00  0.00000000e+00  1.00000000e+00]]
[[ 0.99913073 -0.01307254  0.03958411  0.58348497]
 [ 0.04446162  0.02606651 -0.99867097 -0.16806637]
 [ 0.01202335  0.99956282  0.02662507 -0.01460601]
 [ 0.          0.          0.          1.        ]]
[[ 9.99279756e-01 -2.93337332e-04  3.79457998e-02  5.84074795e-01]
 [ 3.79459274e-02  4.42281294e-04 -9.99279696e-01 -1.69788763e-01]
 [ 2.76343322e-04  9.99999859e-01  4.53093700e-04 -5.80841629e-03]
 [ 0.00000000e+00  0.00000000e+00  0.00000000e+00  1.00000000e+00]]
[[ 0.99907284 -0.01145755  0.04149914  0.58358568]
 [ 0.04631452  0.0243101  -0.99863106 -0.16785804]
 [ 0.01043302  0.99962718  0.02481821 -0.01471039]
 [ 0.          0.          0.          1.        ]]
[[ 9.99279740e-01 -2.93293698e-04  3.79462225e-02  5.84074795e-01]
 [ 3.79463501e-02  4.42197770e-04 -9.99279680e-01 -1.69788778e-01]
 [ 2.76302698e-04  9.99999859e-01  4.53008698e-04 -5.80841675e-03]
 [ 0.00000000e+00  0.00000000e+00  0.00000000e+00  1.00000000e+00]]
[[ 0.9992504  -0.00889399  0.03767663  0.58298026]
 [ 0.04252254  0.03622157 -0.9984387  -0.16895216]
 [ 0.0075154   0.99929238  0.03657262 -0.0140869 ]
 [ 0.          0.          0.          1.        ]]
[[ 9.99279736e-01 -2.93342279e-04  3.79463099e-02  5.84074795e-01]
 [ 3.79464375e-02  4.42534108e-04 -9.99279677e-01 -1.69788733e-01]
 [ 2.76338442e-04  9.99999859e-01  4.53346662e-04 -5.80841210e-03]
 [ 0.00000000e+00  0.00000000e+00  0.00000000e+00  1.00000000e+00]]
[[ 0.99907472 -0.01236056  0.04119369  0.58361493]
 [ 0.04606451  0.02722291 -0.99856746 -0.16809863]
 [ 0.01122145  0.99954107  0.02776711 -0.014608  ]
 [ 0.          0.          0.          1.        ]]
[[ 9.99279717e-01 -2.93483162e-04  3.79468302e-02  5.84074795e-01]
 [ 3.79469578e-02  4.42109757e-04 -9.99279657e-01 -1.69788763e-01]
 [ 2.76495090e-04  9.99999859e-01  4.52928106e-04 -5.80841582e-03]
 [ 0.00000000e+00  0.00000000e+00  0.00000000e+00  1.00000000e+00]]
[[ 0.99926014 -0.00781622  0.03765746  0.58289964]
 [ 0.0424457   0.03340489 -0.99854017 -0.16868252]
 [ 0.00654687  0.99939979  0.03371194 -0.01423433]
 [ 0.          0.          0.          1.        ]]
[[ 9.99279739e-01 -2.92809101e-04  3.79462437e-02  5.84074855e-01]
 [ 3.79463710e-02  4.42206964e-04 -9.99279679e-01 -1.69788748e-01]
 [ 2.75818091e-04  9.99999859e-01  4.52999503e-04 -5.80840744e-03]
 [ 0.00000000e+00  0.00000000e+00  0.00000000e+00  1.00000000e+00]]
[[ 0.99911465 -0.01267791  0.04011472  0.58348836]
 [ 0.04499492  0.02722599 -0.99861614 -0.16816968]
 [ 0.0115682   0.99953698  0.02777233 -0.01468371]
 [ 0.          0.          0.          1.        ]]
[[ 9.99279721e-01 -2.93350318e-04  3.79467039e-02  5.84074795e-01]
 [ 3.79468314e-02  4.41775061e-04 -9.99279662e-01 -1.69788748e-01]
 [ 2.76375099e-04  9.99999859e-01  4.52588575e-04 -5.80841489e-03]
 [ 0.00000000e+00  0.00000000e+00  0.00000000e+00  1.00000000e+00]]
[[ 0.99913078 -0.01244121  0.03978572  0.5835234 ]
 [ 0.04464858  0.0262636  -0.99865746 -0.16809133]
 [ 0.0113796   0.99956578  0.02679625 -0.01465195]
 [ 0.          0.          0.          1.        ]]
[[ 9.99279744e-01 -2.93230466e-04  3.79461173e-02  5.84074795e-01]
 [ 3.79462448e-02  4.42198986e-04 -9.99279684e-01 -1.69788763e-01]
 [ 2.76239513e-04  9.99999859e-01  4.53007484e-04 -5.80841769e-03]
 [ 0.00000000e+00  0.00000000e+00  0.00000000e+00  1.00000000e+00]]
[[ 0.99925578 -0.00862671  0.03759611  0.58297884]
 [ 0.04241444  0.03377255 -0.99852913 -0.16873743]
 [ 0.0073443   0.99938063  0.03411332 -0.01422145]
 [ 0.          0.          0.          1.        ]]
[[ 9.99279739e-01 -2.93105688e-04  3.79462452e-02  5.84074855e-01]
 [ 3.79463727e-02  4.42285663e-04 -9.99279679e-01 -1.69788748e-01]
 [ 2.76111478e-04  9.99999859e-01  4.53089399e-04 -5.80841396e-03]
 [ 0.00000000e+00  0.00000000e+00  0.00000000e+00  1.00000000e+00]]
[[ 0.99912998 -0.01139826  0.04011688  0.58343557]
 [ 0.04495576  0.02666112 -0.99863315 -0.1680524 ]
 [ 0.01031311  0.9995678   0.02715034 -0.01468371]
 [ 0.          0.          0.          1.        ]]
[[ 9.99279715e-01 -2.93275700e-04  3.79468755e-02  5.84074795e-01]
 [ 3.79470030e-02  4.42282343e-04 -9.99279655e-01 -1.69788748e-01]
 [ 2.76281207e-04  9.99999859e-01  4.53092708e-04 -5.80841210e-03]
 [ 0.00000000e+00  0.00000000e+00  0.00000000e+00  1.00000000e+00]]
[[ 0.99911024 -0.01269149  0.04022009  0.58354963]
 [ 0.04509624  0.02684837 -0.9986218  -0.16806894]
 [ 0.01159415  0.99954704  0.02739682 -0.01464006]
 [ 0.          0.          0.          1.        ]]
[[ 9.99279746e-01 -2.92993875e-04  3.79460526e-02  5.84074795e-01]
 [ 3.79461799e-02  4.41950540e-04 -9.99279687e-01 -1.69788748e-01]
 [ 2.76012549e-04  9.99999859e-01  4.52750222e-04 -5.80840651e-03]
 [ 0.00000000e+00  0.00000000e+00  0.00000000e+00  1.00000000e+00]]
[[ 0.99913103 -0.0117913   0.03997684  0.58346241]
 [ 0.04479681  0.02390693 -0.99871002 -0.16794326]
 [ 0.01082036  0.99963301  0.02441437 -0.01476041]
 [ 0.          0.          0.          1.        ]]
[[ 9.99279726e-01 -2.93324469e-04  3.79465836e-02  5.84074795e-01]
 [ 3.79467113e-02  4.42703024e-04 -9.99279666e-01 -1.69788718e-01]
 [ 2.76314110e-04  9.99999859e-01  4.53514855e-04 -5.80839952e-03]
 [ 0.00000000e+00  0.00000000e+00  0.00000000e+00  1.00000000e+00]]
[[ 0.99913665 -0.01212175  0.03973692  0.58346188]
 [ 0.04459269  0.02639494 -0.9986565  -0.16800672]
 [ 0.01105661  0.99956628  0.0269127  -0.01469402]
 [ 0.          0.          0.          1.        ]]
[[ 9.99279729e-01 -2.93057206e-04  3.79464979e-02  5.84074795e-01]
 [ 3.79466253e-02  4.41949310e-04 -9.99279670e-01 -1.69788763e-01]
 [ 2.76075679e-04  9.99999859e-01  4.52751519e-04 -5.80842001e-03]
 [ 0.00000000e+00  0.00000000e+00  0.00000000e+00  1.00000000e+00]]
[[ 0.99908839 -0.01414983  0.04027609  0.58341004]
 [ 0.0451647   0.02474764 -0.99867297 -0.16792712]
 [ 0.01313432  0.99958163  0.02536416 -0.01471694]
 [ 0.          0.          0.          1.        ]]
[[ 9.99279733e-01 -2.93250008e-04  3.79463926e-02  5.84074855e-01]
 [ 3.79465201e-02  4.42114284e-04 -9.99279674e-01 -1.69788763e-01]
 [ 2.76262131e-04  9.99999859e-01  4.52923661e-04 -5.80841722e-03]
 [ 0.00000000e+00  0.00000000e+00  0.00000000e+00  1.00000000e+00]]
[[ 0.99913626 -0.01244357  0.03964714  0.58359365]
 [ 0.04451404  0.02660705 -0.99865438 -0.16810845]
 [ 0.01137193  0.99955665  0.02713799 -0.01464023]
 [ 0.          0.          0.          1.        ]]
[[ 9.99279731e-01 -2.93472220e-04  3.79464391e-02  5.84074795e-01]
 [ 3.79465668e-02  4.42784569e-04 -9.99279672e-01 -1.69788733e-01]
 [ 2.76458726e-04  9.99999859e-01  4.53601908e-04 -5.80839999e-03]
 [ 0.00000000e+00  0.00000000e+00  0.00000000e+00  1.00000000e+00]]
[[ 0.99911149 -0.01178729  0.04046341  0.58350441]
 [ 0.04530325  0.02578092 -0.99864056 -0.16807273]
 [ 0.01072808  0.99958638  0.02629201 -0.01469103]
 [ 0.          0.          0.          1.        ]]
[[ 9.99279727e-01 -2.93083075e-04  3.79465595e-02  5.84074855e-01]
 [ 3.79466869e-02  4.42201718e-04 -9.99279667e-01 -1.69788763e-01]
 [ 2.76091924e-04  9.99999859e-01  4.53004744e-04 -5.80841117e-03]
 [ 0.00000000e+00  0.00000000e+00  0.00000000e+00  1.00000000e+00]]
[[ 0.99908444 -0.01238557  0.04094973  0.58340435]
 [ 0.0458173   0.02686191 -0.99858861 -0.16806119]
 [ 0.01126811  0.99955055  0.02740479 -0.01470489]
 [ 0.          0.          0.          1.        ]]
[[ 9.99279735e-01 -2.93428154e-04  3.79463504e-02  5.84074795e-01]
 [ 3.79464781e-02  4.42616762e-04 -9.99279675e-01 -1.69788748e-01]
 [ 2.76421100e-04  9.99999859e-01  4.53432526e-04 -5.80840372e-03]
 [ 0.00000000e+00  0.00000000e+00  0.00000000e+00  1.00000000e+00]]
[[ 0.99901616 -0.00808155  0.04360498  0.58355845]
 [ 0.04835821  0.02753346 -0.9984505  -0.16776287]
 [ 0.00686843  0.99957684  0.02789718 -0.0148915 ]
 [ 0.          0.          0.          1.        ]]
[[ 9.99279750e-01 -2.93141365e-04  3.79459505e-02  5.84074795e-01]
 [ 3.79460779e-02  4.41947793e-04 -9.99279691e-01 -1.69788763e-01]
 [ 2.76160083e-04  9.99999859e-01  4.52753046e-04 -5.80841675e-03]
 [ 0.00000000e+00  0.00000000e+00  0.00000000e+00  1.00000000e+00]]
[[ 0.99910735 -0.01085184  0.04082578  0.58345759]
 [ 0.04564987  0.0267009  -0.9986006  -0.16809228]
 [ 0.00974657  0.99957289  0.02717245 -0.01470778]
 [ 0.          0.          0.          1.        ]]
[[ 9.99279719e-01 -2.93264205e-04  3.79467702e-02  5.84074795e-01]
 [ 3.79468978e-02  4.42788430e-04 -9.99279659e-01 -1.69788733e-01]
 [ 2.76250564e-04  9.99999859e-01  4.53597965e-04 -5.80840465e-03]
 [ 0.00000000e+00  0.00000000e+00  0.00000000e+00  1.00000000e+00]]
[[ 0.99914605 -0.01146215  0.03969633  0.58355549]
 [ 0.04453549  0.02650108 -0.99865624 -0.16808328]
 [ 0.01039476  0.99957133  0.02698892 -0.01471304]
 [ 0.          0.          0.          1.        ]]
[[ 9.99279729e-01 -2.92789703e-04  3.79465190e-02  5.84074855e-01]
 [ 3.79466463e-02  4.42291620e-04 -9.99279669e-01 -1.69788748e-01]
 [ 2.75795370e-04  9.99999859e-01  4.53083437e-04 -5.80841210e-03]
 [ 0.00000000e+00  0.00000000e+00  0.00000000e+00  1.00000000e+00]]
[[ 0.99903517 -0.00476336  0.04365822  0.58349829]
 [ 0.04831196  0.02554033 -0.99850571 -0.16762641]
 [ 0.0036412   0.99965153  0.02574581 -0.01516955]
 [ 0.          0.          0.          1.        ]]
[[ 9.99279735e-01 -2.93165721e-04  3.79463505e-02  5.84074795e-01]
 [ 3.79464780e-02  4.42115890e-04 -9.99279675e-01 -1.69788763e-01]
 [ 2.76177862e-04  9.99999859e-01  4.52922056e-04 -5.80841163e-03]
 [ 0.00000000e+00  0.00000000e+00  0.00000000e+00  1.00000000e+00]]
[[ 0.99911252 -0.01484813  0.03941711  0.58347628]
 [ 0.04430802  0.0236119  -0.99873884 -0.16799127]
 [ 0.0138987   0.99959898  0.02424883 -0.01461711]
 [ 0.          0.          0.          1.        ]]
[[ 9.99279749e-01 -2.93005092e-04  3.79459731e-02  5.84074855e-01]
 [ 3.79461006e-02  4.42540558e-04 -9.99279689e-01 -1.69788748e-01]
 [ 2.76001405e-04  9.99999859e-01  4.53340218e-04 -5.80840977e-03]
 [ 0.00000000e+00  0.00000000e+00  0.00000000e+00  1.00000000e+00]]
[[ 0.9992229  -0.00778519  0.03863921  0.5829231 ]
 [ 0.04343915  0.03549188 -0.99842544 -0.16886174]
 [ 0.00640155  0.99932802  0.03580248 -0.01412766]
 [ 0.          0.          0.          1.        ]]
[[ 9.99279724e-01 -2.93504486e-04  3.79466436e-02  5.84074795e-01]
 [ 3.79467712e-02  4.42193707e-04 -9.99279664e-01 -1.69788748e-01]
 [ 2.76513297e-04  9.99999859e-01  4.53012753e-04 -5.80840558e-03]
 [ 0.00000000e+00  0.00000000e+00  0.00000000e+00  1.00000000e+00]]
[[ 0.99922684 -0.0079821   0.03849689  0.58294879]
 [ 0.04330176  0.03515412 -0.99844336 -0.16880024]
